# Chunk-averaged data for fix 55 and group vx
# Timestep Number-of-chunks Total-count
# Chunk Coord1 Ncount density/number vx temp
30000 70 52599
  1 -44.5 0 0 0 0
  2 -43.5 0 0 0 0
  3 -42.5 0 0 0 0
  4 -41.5 0 0 0 0
  5 -40.5 0 0 0 0
  6 -39.5 0 0 0 0
  7 -38.5 0 0 0 0
  8 -37.5 0 0 0 0
  9 -36.5 0 0 0 0
  10 -35.5 0 0 0 0
  11 -34.5 0 0 0 0
  12 -33.5 0 0 0 0
  13 -32.5 0 0 0 0
  14 -31.5 0 0 0 0
  15 -30.5 0 0 0 0
  16 -29.5 0 0 0 0
  17 -28.5 0 0 0 0
  18 -27.5 0 0 0 0
  19 -26.5 0 0 0 0
  20 -25.5 0 0 0 0
  21 -24.5 0 0 0 0
  22 -23.5 0 0 0 0
  23 -22.5 0 0 0 0
  24 -21.5 0 0 0 0
  25 -20.5 0 0 0 0
  26 -19.5 0 0 0 0
  27 -18.5 0 0 0 0
  28 -17.5 0 0 0 0
  29 -16.5 0 0 0 0
  30 -15.5 0 0 0 0
  31 -14.5 0 0 0 0
  32 -13.5 0 0 0 0
  33 -12.5 0 0 0 0
  34 -11.5 0 0 0 0
  35 -10.5 0 0 0 0
  36 -9.5 0 0 0 0
  37 -8.5 0 0 0 0
  38 -7.5 0 0 0 0
  39 -6.5 0 0 0 0
  40 -5.5 0 0 0 0
  41 -4.5 0 0 0 0
  42 -3.5 0 0 0 0
  43 -2.5 0 0 0 0
  44 -1.5 0 0 0 0
  45 -0.5 0 0 0 0
  46 0.5 0 0 0 0
  47 1.5 2.22 2.63971e-05 -0.125405 349.468
  48 2.5 817.16 0.00971653 0.291262 350.948
  49 3.5 2896.96 0.0344466 0.267954 341.346
  50 4.5 2433.18 0.028932 0.317102 336.315
  51 5.5 2336.16 0.0277784 0.319808 334.554
  52 6.5 2688.02 0.0319622 0.309779 332.054
  53 7.5 2600.5 0.0309215 0.33801 329.737
  54 8.5 2536 0.0301546 0.341982 330.252
  55 9.5 2616.9 0.0311165 0.358968 326.661
  56 10.5 2609.24 0.0310254 0.351404 325.156
  57 11.5 2606.86 0.0309971 0.35162 323.833
  58 12.5 2598.44 0.030897 0.33996 325.589
  59 13.5 2608.14 0.0310124 0.353636 325.298
  60 14.5 2590.6 0.0308038 0.358183 325.643
  61 15.5 2565.24 0.0305023 0.333646 325.519
  62 16.5 2568.86 0.0305453 0.354683 325.657
  63 17.5 2470.22 0.0293724 0.335142 325.726
  64 18.5 2400.44 0.0285427 0.342784 327.874
  65 19.5 2444.7 0.029069 0.335723 327.913
  66 20.5 2278.18 0.0270889 0.328935 329.1
  67 21.5 2026.54 0.0240968 0.334844 332.495
  68 22.5 2373.26 0.0282195 0.320105 335.929
  69 23.5 1482.34 0.0176259 0.273528 337.323
  70 24.5 48.84 0.000580737 0.289083 341.308
35000 70 52599
  1 -44.5 0 0 0 0
  2 -43.5 0 0 0 0
  3 -42.5 0 0 0 0
  4 -41.5 0 0 0 0
  5 -40.5 0 0 0 0
  6 -39.5 0 0 0 0
  7 -38.5 0 0 0 0
  8 -37.5 0 0 0 0
  9 -36.5 0 0 0 0
  10 -35.5 0 0 0 0
  11 -34.5 0 0 0 0
  12 -33.5 0 0 0 0
  13 -32.5 0 0 0 0
  14 -31.5 0 0 0 0
  15 -30.5 0 0 0 0
  16 -29.5 0 0 0 0
  17 -28.5 0 0 0 0
  18 -27.5 0 0 0 0
  19 -26.5 0 0 0 0
  20 -25.5 0 0 0 0
  21 -24.5 0 0 0 0
  22 -23.5 0 0 0 0
  23 -22.5 0 0 0 0
  24 -21.5 0 0 0 0
  25 -20.5 0 0 0 0
  26 -19.5 0 0 0 0
  27 -18.5 0 0 0 0
  28 -17.5 0 0 0 0
  29 -16.5 0 0 0 0
  30 -15.5 0 0 0 0
  31 -14.5 0 0 0 0
  32 -13.5 0 0 0 0
  33 -12.5 0 0 0 0
  34 -11.5 0 0 0 0
  35 -10.5 0 0 0 0
  36 -9.5 0 0 0 0
  37 -8.5 0 0 0 0
  38 -7.5 0 0 0 0
  39 -6.5 0 0 0 0
  40 -5.5 0 0 0 0
  41 -4.5 0 0 0 0
  42 -3.5 0 0 0 0
  43 -2.5 0 0 0 0
  44 -1.5 0 0 0 0
  45 -0.5 0 0 0 0
  46 0.5 0 0 0 0
  47 1.5 1.06 1.2604e-05 0.979032 446.458
  48 2.5 778.22 0.00925351 0.341346 388.344
  49 3.5 2719.72 0.0323391 0.377245 388.214
  50 4.5 2383.66 0.0283432 0.348117 384.429
  51 5.5 2277.86 0.0270851 0.377011 382.43
  52 6.5 2602.44 0.0309446 0.382814 378.341
  53 7.5 2518.9 0.0299512 0.414319 376.568
  54 8.5 2492.84 0.0296414 0.436224 372.614
  55 9.5 2549.02 0.0303094 0.439308 373.276
  56 10.5 2549.76 0.0303182 0.414233 373.195
  57 11.5 2533.32 0.0301227 0.401754 370.211
  58 12.5 2548.14 0.0302989 0.424873 370.228
  59 13.5 2555.12 0.0303819 0.42552 370.726
  60 14.5 2534.8 0.0301403 0.416549 370.597
  61 15.5 2542.46 0.0302314 0.42993 369.289
  62 16.5 2557.24 0.0304071 0.416386 372.277
  63 17.5 2523.28 0.0300033 0.40762 372.655
  64 18.5 2482.62 0.0295199 0.426022 373.671
  65 19.5 2576.22 0.0306328 0.408012 374.465
  66 20.5 2437.36 0.0289817 0.391043 377.695
  67 21.5 2188.18 0.0260188 0.39395 380.041
  68 22.5 2667.52 0.0317184 0.399736 383.153
  69 23.5 1549.72 0.0184271 0.373759 396.345
  70 24.5 29.54 0.000351249 0.126596 415.953
40000 70 52599
  1 -44.5 0.02 2.37812e-07 6.16682 316.241
  2 -43.5 0 0 0 0
  3 -42.5 0 0 0 0
  4 -41.5 0 0 0 0
  5 -40.5 0 0 0 0
  6 -39.5 0 0 0 0
  7 -38.5 0 0 0 0
  8 -37.5 0 0 0 0
  9 -36.5 0 0 0 0
  10 -35.5 0 0 0 0
  11 -34.5 0 0 0 0
  12 -33.5 0 0 0 0
  13 -32.5 0 0 0 0
  14 -31.5 0 0 0 0
  15 -30.5 0 0 0 0
  16 -29.5 0 0 0 0
  17 -28.5 0 0 0 0
  18 -27.5 0 0 0 0
  19 -26.5 0 0 0 0
  20 -25.5 0 0 0 0
  21 -24.5 0 0 0 0
  22 -23.5 0 0 0 0
  23 -22.5 0 0 0 0
  24 -21.5 0 0 0 0
  25 -20.5 0 0 0 0
  26 -19.5 0 0 0 0
  27 -18.5 0 0 0 0
  28 -17.5 0 0 0 0
  29 -16.5 0 0 0 0
  30 -15.5 0 0 0 0
  31 -14.5 0 0 0 0
  32 -13.5 0 0 0 0
  33 -12.5 0 0 0 0
  34 -11.5 0 0 0 0
  35 -10.5 0 0 0 0
  36 -9.5 0 0 0 0
  37 -8.5 0 0 0 0
  38 -7.5 0 0 0 0
  39 -6.5 0 0 0 0
  40 -5.5 0 0 0 0
  41 -4.5 0 0 0 0
  42 -3.5 0 0 0 0
  43 -2.5 0 0 0 0
  44 -1.5 0 0 0 0
  45 -0.5 0 0 0 0
  46 0.5 0 0 0 0
  47 1.5 0.24 2.85375e-06 -0.508181 344.88
  48 2.5 647.16 0.00769512 0.300444 477.146
  49 3.5 2830.8 0.0336599 0.337786 463.485
  50 4.5 2379.76 0.0282968 0.365784 456.317
  51 5.5 2231.18 0.0265301 0.368716 453.934
  52 6.5 2563.96 0.030487 0.376765 449.361
  53 7.5 2464.78 0.0293077 0.39634 449.052
  54 8.5 2457.24 0.0292181 0.43212 448.103
  55 9.5 2510.24 0.0298483 0.43735 444.462
  56 10.5 2490.5 0.0296136 0.456083 442.52
  57 11.5 2512.06 0.0298699 0.449441 440.195
  58 12.5 2503.04 0.0297627 0.473277 442.41
  59 13.5 2516.36 0.029921 0.51505 441.35
  60 14.5 2507.58 0.0298166 0.495963 442.04
  61 15.5 2495.62 0.0296744 0.497521 441.752
  62 16.5 2521.08 0.0299772 0.488962 440.971
  63 17.5 2496.84 0.0296889 0.508174 443.112
  64 18.5 2436.36 0.0289698 0.468732 445.722
  65 19.5 2542.16 0.0302278 0.436936 447.775
  66 20.5 2499.12 0.0297161 0.462322 451.414
  67 21.5 2109.5 0.0250832 0.439592 453.322
  68 22.5 2714.94 0.0322823 0.411787 458.297
  69 23.5 2105.96 0.0250411 0.410396 463.665
  70 24.5 62.5 0.000743163 0.400523 470.011
45000 70 52599
  1 -44.5 0 0 0 0
  2 -43.5 0 0 0 0
  3 -42.5 0 0 0 0
  4 -41.5 0 0 0 0
  5 -40.5 0 0 0 0
  6 -39.5 0 0 0 0
  7 -38.5 0 0 0 0
  8 -37.5 0 0 0 0
  9 -36.5 0 0 0 0
  10 -35.5 0 0 0 0
  11 -34.5 0 0 0 0
  12 -33.5 0 0 0 0
  13 -32.5 0 0 0 0
  14 -31.5 0 0 0 0
  15 -30.5 0 0 0 0
  16 -29.5 0 0 0 0
  17 -28.5 0 0 0 0
  18 -27.5 0 0 0 0
  19 -26.5 0 0 0 0
  20 -25.5 0 0 0 0
  21 -24.5 0 0 0 0
  22 -23.5 0 0 0 0
  23 -22.5 0 0 0 0
  24 -21.5 0 0 0 0
  25 -20.5 0 0 0 0
  26 -19.5 0 0 0 0
  27 -18.5 0 0 0 0
  28 -17.5 0 0 0 0
  29 -16.5 0 0 0 0
  30 -15.5 0 0 0 0
  31 -14.5 0 0 0 0
  32 -13.5 0 0 0 0
  33 -12.5 0 0 0 0
  34 -11.5 0 0 0 0
  35 -10.5 0 0 0 0
  36 -9.5 0 0 0 0
  37 -8.5 0 0 0 0
  38 -7.5 0 0 0 0
  39 -6.5 0 0 0 0
  40 -5.5 0 0 0 0
  41 -4.5 0 0 0 0
  42 -3.5 0 0 0 0
  43 -2.5 0 0 0 0
  44 -1.5 0 0 0 0
  45 -0.5 0 0 0 0
  46 0.5 0 0 0 0
  47 1.5 3.96 4.70868e-05 0.0605903 604.958
  48 2.5 1283.36 0.0152599 0.261022 582.759
  49 3.5 3012.26 0.0358176 0.274319 580.759
  50 4.5 2160 0.0256837 0.319884 571.298
  51 5.5 2319.66 0.0275822 0.338188 566.019
  52 6.5 2548.62 0.0303046 0.347317 563.256
  53 7.5 2389.84 0.0284166 0.365261 557.537
  54 8.5 2449.58 0.029127 0.412879 557.305
  55 9.5 2472.12 0.029395 0.425076 553.045
  56 10.5 2447.42 0.0291013 0.431271 552.298
  57 11.5 2468.38 0.0293505 0.454696 550.572
  58 12.5 2467.66 0.029342 0.439119 553.384
  59 13.5 2466.06 0.0293229 0.474668 551.575
  60 14.5 2473.34 0.0294095 0.503029 553.034
  61 15.5 2449.48 0.0291258 0.491302 551.625
  62 16.5 2470.3 0.0293734 0.473634 554.498
  63 17.5 2468.96 0.0293574 0.472043 555.858
  64 18.5 2369.44 0.0281741 0.45858 557.931
  65 19.5 2515.3 0.0299084 0.456378 561.423
  66 20.5 2457.18 0.0292174 0.472633 566.929
  67 21.5 2035.04 0.0241979 0.416694 568.966
  68 22.5 2869.66 0.034122 0.470729 575.064
  69 23.5 1980.16 0.0235453 0.388513 590.859
  70 24.5 21.22 0.000252319 0.262283 595.708
50000 70 52599
  1 -44.5 0 0 0 0
  2 -43.5 0 0 0 0
  3 -42.5 0 0 0 0
  4 -41.5 0 0 0 0
  5 -40.5 0 0 0 0
  6 -39.5 0 0 0 0
  7 -38.5 0 0 0 0
  8 -37.5 0 0 0 0
  9 -36.5 0 0 0 0
  10 -35.5 0 0 0 0
  11 -34.5 0 0 0 0
  12 -33.5 0 0 0 0
  13 -32.5 0 0 0 0
  14 -31.5 0 0 0 0
  15 -30.5 0 0 0 0
  16 -29.5 0 0 0 0
  17 -28.5 0 0 0 0
  18 -27.5 0 0 0 0
  19 -26.5 0 0 0 0
  20 -25.5 0 0 0 0
  21 -24.5 0 0 0 0
  22 -23.5 0 0 0 0
  23 -22.5 0 0 0 0
  24 -21.5 0 0 0 0
  25 -20.5 0 0 0 0
  26 -19.5 0 0 0 0
  27 -18.5 0 0 0 0
  28 -17.5 0 0 0 0
  29 -16.5 0 0 0 0
  30 -15.5 0 0 0 0
  31 -14.5 0 0 0 0
  32 -13.5 0 0 0 0
  33 -12.5 0 0 0 0
  34 -11.5 0 0 0 0
  35 -10.5 0 0 0 0
  36 -9.5 0 0 0 0
  37 -8.5 0 0 0 0
  38 -7.5 0 0 0 0
  39 -6.5 0 0 0 0
  40 -5.5 0 0 0 0
  41 -4.5 0 0 0 0
  42 -3.5 0 0 0 0
  43 -2.5 0 0 0 0
  44 -1.5 0 0 0 0
  45 -0.5 0 0 0 0
  46 0.5 0 0 0 0
  47 1.5 0.18 2.14031e-06 1.44136 750.587
  48 2.5 978.6 0.0116361 0.282805 754.961
  49 3.5 3155.14 0.0375165 0.263001 750.812
  50 4.5 2156.12 0.0256376 0.290024 742.183
  51 5.5 2229.38 0.0265087 0.328613 740.155
  52 6.5 2544.58 0.0302566 0.329438 732.238
  53 7.5 2335.98 0.0277762 0.349614 730.019
  54 8.5 2405.72 0.0286055 0.355009 723.135
  55 9.5 2434.22 0.0289444 0.380469 719.971
  56 10.5 2404.6 0.0285922 0.373248 720.875
  57 11.5 2419.32 0.0287672 0.36898 721.18
  58 12.5 2424.7 0.0288312 0.379715 716.764
  59 13.5 2419.88 0.0287738 0.447703 715.82
  60 14.5 2432.8 0.0289275 0.387324 717.766
  61 15.5 2429.84 0.0288923 0.403351 716.057
  62 16.5 2409.16 0.0286464 0.423459 716.359
  63 17.5 2446.62 0.0290918 0.384287 722.543
  64 18.5 2356.06 0.028015 0.373452 724.575
  65 19.5 2396.58 0.0284968 0.361961 729.069
  66 20.5 2568.42 0.0305401 0.368401 732.72
  67 21.5 2018.92 0.0240062 0.348993 738.86
  68 22.5 2471 0.0293817 0.262628 743.225
  69 23.5 3001.78 0.035693 0.282316 754.535
  70 24.5 159.4 0.00189536 0.288378 779.617
55000 70 52599
  1 -44.5 0 0 0 0
  2 -43.5 0 0 0 0
  3 -42.5 0 0 0 0
  4 -41.5 0 0 0 0
  5 -40.5 0 0 0 0
  6 -39.5 0 0 0 0
  7 -38.5 0 0 0 0
  8 -37.5 0 0 0 0
  9 -36.5 0 0 0 0
  10 -35.5 0 0 0 0
  11 -34.5 0 0 0 0
  12 -33.5 0 0 0 0
  13 -32.5 0 0 0 0
  14 -31.5 0 0 0 0
  15 -30.5 0 0 0 0
  16 -29.5 0 0 0 0
  17 -28.5 0 0 0 0
  18 -27.5 0 0 0 0
  19 -26.5 0 0 0 0
  20 -25.5 0 0 0 0
  21 -24.5 0 0 0 0
  22 -23.5 0 0 0 0
  23 -22.5 0 0 0 0
  24 -21.5 0 0 0 0
  25 -20.5 0 0 0 0
  26 -19.5 0 0 0 0
  27 -18.5 0 0 0 0
  28 -17.5 0 0 0 0
  29 -16.5 0 0 0 0
  30 -15.5 0 0 0 0
  31 -14.5 0 0 0 0
  32 -13.5 0 0 0 0
  33 -12.5 0 0 0 0
  34 -11.5 0 0 0 0
  35 -10.5 0 0 0 0
  36 -9.5 0 0 0 0
  37 -8.5 0 0 0 0
  38 -7.5 0 0 0 0
  39 -6.5 0 0 0 0
  40 -5.5 0 0 0 0
  41 -4.5 0 0 0 0
  42 -3.5 0 0 0 0
  43 -2.5 0 0 0 0
  44 -1.5 0 0 0 0
  45 -0.5 0 0 0 0
  46 0.5 0 0 0 0
  47 1.5 6.96 8.27586e-05 -0.18048 1014.29
  48 2.5 1816.84 0.0216033 0.251048 970.769
  49 3.5 2989.8 0.0355505 0.256908 956.777
  50 4.5 1978.4 0.0235244 0.305733 952.271
  51 5.5 2374.22 0.0282309 0.318804 950.532
  52 6.5 2464.4 0.0293032 0.311267 943.677
  53 7.5 2301.46 0.0273658 0.322063 938.55
  54 8.5 2411.26 0.0286713 0.353047 935.837
  55 9.5 2378.94 0.028287 0.386412 935.292
  56 10.5 2387.02 0.0283831 0.347286 930.29
  57 11.5 2397.04 0.0285023 0.336422 926.553
  58 12.5 2386.78 0.0283803 0.345798 926.503
  59 13.5 2379.58 0.0282946 0.350693 924.187
  60 14.5 2416.94 0.0287389 0.322332 926.66
  61 15.5 2387.18 0.028385 0.339252 925.96
  62 16.5 2372 0.0282045 0.31363 923.038
  63 17.5 2431 0.0289061 0.354533 928.959
  64 18.5 2311.96 0.0274906 0.331529 930.438
  65 19.5 2387.38 0.0283874 0.315481 938.684
  66 20.5 2539.58 0.0301971 0.34825 942.024
  67 21.5 1951.04 0.023199 0.367863 945.299
  68 22.5 2597.96 0.0308913 0.290696 951.099
  69 23.5 2851.22 0.0339027 0.288349 958.575
  70 24.5 80.04 0.000951724 0.232208 968.988
60000 70 52599
  1 -44.5 0 0 0 0
  2 -43.5 0 0 0 0
  3 -42.5 0 0 0 0
  4 -41.5 0 0 0 0
  5 -40.5 0 0 0 0
  6 -39.5 0 0 0 0
  7 -38.5 0 0 0 0
  8 -37.5 0 0 0 0
  9 -36.5 0 0 0 0
  10 -35.5 0 0 0 0
  11 -34.5 0 0 0 0
  12 -33.5 0 0 0 0
  13 -32.5 0 0 0 0
  14 -31.5 0 0 0 0
  15 -30.5 0 0 0 0
  16 -29.5 0 0 0 0
  17 -28.5 0 0 0 0
  18 -27.5 0 0 0 0
  19 -26.5 0 0 0 0
  20 -25.5 0 0 0 0
  21 -24.5 0 0 0 0
  22 -23.5 0 0 0 0
  23 -22.5 0 0 0 0
  24 -21.5 0 0 0 0
  25 -20.5 0 0 0 0
  26 -19.5 0 0 0 0
  27 -18.5 0 0 0 0
  28 -17.5 0 0 0 0
  29 -16.5 0 0 0 0
  30 -15.5 0 0 0 0
  31 -14.5 0 0 0 0
  32 -13.5 0 0 0 0
  33 -12.5 0 0 0 0
  34 -11.5 0 0 0 0
  35 -10.5 0 0 0 0
  36 -9.5 0 0 0 0
  37 -8.5 0 0 0 0
  38 -7.5 0 0 0 0
  39 -6.5 0 0 0 0
  40 -5.5 0 0 0 0
  41 -4.5 0 0 0 0
  42 -3.5 0 0 0 0
  43 -2.5 0 0 0 0
  44 -1.5 0 0 0 0
  45 -0.5 0 0 0 0
  46 0.5 0 0 0 0
  47 1.5 1.6 1.9025e-05 0.122564 1419.58
  48 2.5 1678.46 0.0199579 0.198166 1155.3
  49 3.5 3073 0.0365398 0.227205 1154.18
  50 4.5 1974.62 0.0234794 0.305305 1152.61
  51 5.5 2349.92 0.027942 0.339834 1145.78
  52 6.5 2464.78 0.0293077 0.322601 1142.94
  53 7.5 2276.2 0.0270654 0.291662 1136.2
  54 8.5 2375.68 0.0282483 0.3425 1137.61
  55 9.5 2368.82 0.0281667 0.33018 1130.78
  56 10.5 2352.72 0.0279753 0.362704 1134.59
  57 11.5 2374.62 0.0282357 0.31613 1130.33
  58 12.5 2370.3 0.0281843 0.348443 1132.01
  59 13.5 2369.46 0.0281743 0.395583 1127.8
  60 14.5 2369.9 0.0281795 0.329 1130.42
  61 15.5 2370.28 0.0281841 0.35507 1134.07
  62 16.5 2350.84 0.0279529 0.298578 1138.65
  63 17.5 2393.88 0.0284647 0.28598 1137.03
  64 18.5 2319.78 0.0275836 0.321198 1141.33
  65 19.5 2319.2 0.0275767 0.296975 1139.27
  66 20.5 2556.36 0.0303967 0.2871 1150.88
  67 21.5 2015.26 0.0239627 0.2164 1150.84
  68 22.5 2310.74 0.0274761 0.207826 1155.49
  69 23.5 3298.62 0.0392226 0.212275 1159.33
  70 24.5 263.96 0.00313864 0.0918782 1185.77
65000 70 52599
  1 -44.5 0 0 0 0
  2 -43.5 0 0 0 0
  3 -42.5 0 0 0 0
  4 -41.5 0 0 0 0
  5 -40.5 0 0 0 0
  6 -39.5 0 0 0 0
  7 -38.5 0 0 0 0
  8 -37.5 0 0 0 0
  9 -36.5 0 0 0 0
  10 -35.5 0 0 0 0
  11 -34.5 0 0 0 0
  12 -33.5 0 0 0 0
  13 -32.5 0 0 0 0
  14 -31.5 0 0 0 0
  15 -30.5 0 0 0 0
  16 -29.5 0 0 0 0
  17 -28.5 0 0 0 0
  18 -27.5 0 0 0 0
  19 -26.5 0 0 0 0
  20 -25.5 0 0 0 0
  21 -24.5 0 0 0 0
  22 -23.5 0 0 0 0
  23 -22.5 0 0 0 0
  24 -21.5 0 0 0 0
  25 -20.5 0 0 0 0
  26 -19.5 0 0 0 0
  27 -18.5 0 0 0 0
  28 -17.5 0 0 0 0
  29 -16.5 0 0 0 0
  30 -15.5 0 0 0 0
  31 -14.5 0 0 0 0
  32 -13.5 0 0 0 0
  33 -12.5 0 0 0 0
  34 -11.5 0 0 0 0
  35 -10.5 0 0 0 0
  36 -9.5 0 0 0 0
  37 -8.5 0 0 0 0
  38 -7.5 0 0 0 0
  39 -6.5 0 0 0 0
  40 -5.5 0 0 0 0
  41 -4.5 0 0 0 0
  42 -3.5 0 0 0 0
  43 -2.5 0 0 0 0
  44 -1.5 0 0 0 0
  45 -0.5 0.24 2.85375e-06 0.148721 1126.02
  46 0.5 0.06 7.13436e-07 -4.15656 1035.91
  47 1.5 5.42 6.44471e-05 0.0950979 1319.54
  48 2.5 1955.88 0.0232566 0.212987 1310.4
  49 3.5 2978.68 0.0354183 0.215542 1306.24
  50 4.5 1935.66 0.0230162 0.207021 1303.01
  51 5.5 2388.9 0.0284055 0.192106 1300.37
  52 6.5 2433.38 0.0289344 0.289507 1298.66
  53 7.5 2264.94 0.0269315 0.257015 1286.13
  54 8.5 2370.46 0.0281862 0.204462 1284.52
  55 9.5 2364.2 0.0281118 0.234956 1286.32
  56 10.5 2334.14 0.0277543 0.2335 1282.34
  57 11.5 2358.68 0.0280461 0.291556 1287.16
  58 12.5 2365.2 0.0281237 0.269521 1285.75
  59 13.5 2350.66 0.0279508 0.263496 1284.71
  60 14.5 2354.78 0.0279998 0.296441 1278.66
  61 15.5 2353.02 0.0279788 0.291971 1290.01
  62 16.5 2334.32 0.0277565 0.290354 1290.07
  63 17.5 2382.2 0.0283258 0.313771 1284.63
  64 18.5 2307.34 0.0274357 0.29145 1290.06
  65 19.5 2308.12 0.0274449 0.286122 1297.19
  66 20.5 2540.06 0.0302029 0.277566 1295.58
  67 21.5 2024.64 0.0240742 0.283429 1298.28
  68 22.5 2284.72 0.0271667 0.238099 1305.55
  69 23.5 3338.38 0.0396954 0.208654 1307.96
  70 24.5 264.92 0.00315006 0.33278 1299.82
70000 70 52599
  1 -44.5 0 0 0 0
  2 -43.5 0 0 0 0
  3 -42.5 0 0 0 0
  4 -41.5 0 0 0 0
  5 -40.5 0 0 0 0
  6 -39.5 0 0 0 0
  7 -38.5 0 0 0 0
  8 -37.5 0 0 0 0
  9 -36.5 0 0 0 0
  10 -35.5 0 0 0 0
  11 -34.5 0 0 0 0
  12 -33.5 0 0 0 0
  13 -32.5 0 0 0 0
  14 -31.5 0 0 0 0
  15 -30.5 0 0 0 0
  16 -29.5 0 0 0 0
  17 -28.5 0 0 0 0
  18 -27.5 0 0 0 0
  19 -26.5 0 0 0 0
  20 -25.5 0 0 0 0
  21 -24.5 0 0 0 0
  22 -23.5 0 0 0 0
  23 -22.5 0 0 0 0
  24 -21.5 0 0 0 0
  25 -20.5 0 0 0 0
  26 -19.5 0 0 0 0
  27 -18.5 0 0 0 0
  28 -17.5 0 0 0 0
  29 -16.5 0 0 0 0
  30 -15.5 0 0 0 0
  31 -14.5 0 0 0 0
  32 -13.5 0 0 0 0
  33 -12.5 0 0 0 0
  34 -11.5 0 0 0 0
  35 -10.5 0 0 0 0
  36 -9.5 0 0 0 0
  37 -8.5 0 0 0 0
  38 -7.5 0 0 0 0
  39 -6.5 0 0 0 0
  40 -5.5 0 0 0 0
  41 -4.5 0 0 0 0
  42 -3.5 0 0 0 0
  43 -2.5 0 0 0 0
  44 -1.5 0 0 0 0
  45 -0.5 0 0 0 0
  46 0.5 0 0 0 0
  47 1.5 8.38 9.96433e-05 0.116194 1447.63
  48 2.5 2136.12 0.0253998 0.215078 1386.1
  49 3.5 2917.24 0.0346878 0.185208 1396.11
  50 4.5 1925.42 0.0228944 0.215359 1389.26
  51 5.5 2425.08 0.0288357 0.240035 1388.47
  52 6.5 2403.66 0.028581 0.287549 1385.06
  53 7.5 2261.1 0.0268859 0.276749 1391.8
  54 8.5 2368.5 0.0281629 0.285859 1389.6
  55 9.5 2339.84 0.0278221 0.21698 1388.3
  56 10.5 2325.28 0.027649 0.26712 1381.52
  57 11.5 2354.78 0.0279998 0.255566 1383.52
  58 12.5 2351 0.0279548 0.273691 1378.5
  59 13.5 2331.38 0.0277215 0.315208 1382.39
  60 14.5 2343.82 0.0278694 0.312307 1384.86
  61 15.5 2349.8 0.0279405 0.29505 1380.89
  62 16.5 2320.12 0.0275876 0.329139 1380.96
  63 17.5 2376.3 0.0282556 0.278351 1385.71
  64 18.5 2305.2 0.0274102 0.269981 1389.64
  65 19.5 2291.74 0.0272502 0.321444 1393.36
  66 20.5 2540.34 0.0302062 0.281975 1389.54
  67 21.5 2021.96 0.0240423 0.216877 1384.97
  68 22.5 2288.7 0.027214 0.228099 1387.74
  69 23.5 3343.98 0.039762 0.219167 1398.26
  70 24.5 269.26 0.00320166 0.190891 1408.43
75000 70 52599
  1 -44.5 0 0 0 0
  2 -43.5 0 0 0 0
  3 -42.5 0 0 0 0
  4 -41.5 0 0 0 0
  5 -40.5 0 0 0 0
  6 -39.5 0 0 0 0
  7 -38.5 0 0 0 0
  8 -37.5 0 0 0 0
  9 -36.5 0 0 0 0
  10 -35.5 0 0 0 0
  11 -34.5 0 0 0 0
  12 -33.5 0 0 0 0
  13 -32.5 0 0 0 0
  14 -31.5 0 0 0 0
  15 -30.5 0 0 0 0
  16 -29.5 0 0 0 0
  17 -28.5 0 0 0 0
  18 -27.5 0 0 0 0
  19 -26.5 0 0 0 0
  20 -25.5 0 0 0 0
  21 -24.5 0 0 0 0
  22 -23.5 0 0 0 0
  23 -22.5 0 0 0 0
  24 -21.5 0 0 0 0
  25 -20.5 0 0 0 0
  26 -19.5 0 0 0 0
  27 -18.5 0 0 0 0
  28 -17.5 0 0 0 0
  29 -16.5 0 0 0 0
  30 -15.5 0 0 0 0
  31 -14.5 0 0 0 0
  32 -13.5 0 0 0 0
  33 -12.5 0 0 0 0
  34 -11.5 0 0 0 0
  35 -10.5 0 0 0 0
  36 -9.5 0 0 0 0
  37 -8.5 0 0 0 0
  38 -7.5 0 0 0 0
  39 -6.5 0 0 0 0
  40 -5.5 0 0 0 0
  41 -4.5 0 0 0 0
  42 -3.5 0 0 0 0
  43 -2.5 0 0 0 0
  44 -1.5 0 0 0 0
  45 -0.5 0 0 0 0
  46 0.5 0 0 0 0
  47 1.5 4.78 5.68371e-05 -0.248976 1368.34
  48 2.5 2035.1 0.0241986 0.155477 1447.61
  49 3.5 2946.82 0.0350395 0.162425 1437.87
  50 4.5 1940.56 0.0230744 0.180589 1443.53
  51 5.5 2393.42 0.0284592 0.19587 1445.72
  52 6.5 2414.36 0.0287082 0.225321 1442.18
  53 7.5 2261.22 0.0268873 0.258057 1437.34
  54 8.5 2367.06 0.0281458 0.23705 1436.6
  55 9.5 2342.72 0.0278564 0.26218 1438.18
  56 10.5 2323.3 0.0276254 0.245399 1444.38
  57 11.5 2341.6 0.027843 0.279119 1437.14
  58 12.5 2341.16 0.0278378 0.224972 1436.03
  59 13.5 2331.08 0.027718 0.243249 1437.47
  60 14.5 2349.64 0.0279386 0.275039 1441.81
  61 15.5 2326.36 0.0276618 0.274224 1442.58
  62 16.5 2329.56 0.0276999 0.248345 1439.47
  63 17.5 2369.34 0.0281729 0.248598 1436.47
  64 18.5 2308.92 0.0274545 0.215375 1440.84
  65 19.5 2286.04 0.0271824 0.194766 1442.66
  66 20.5 2528.66 0.0300673 0.145812 1444.91
  67 21.5 2042.58 0.0242875 0.168997 1445
  68 22.5 2208.36 0.0262587 0.203761 1449.92
  69 23.5 3445.92 0.0409741 0.143594 1440.31
  70 24.5 360.44 0.00428585 0.120931 1452.26
80000 70 52599
  1 -44.5 0 0 0 0
  2 -43.5 0 0 0 0
  3 -42.5 0 0 0 0
  4 -41.5 0 0 0 0
  5 -40.5 0 0 0 0
  6 -39.5 0 0 0 0
  7 -38.5 0 0 0 0
  8 -37.5 0 0 0 0
  9 -36.5 0 0 0 0
  10 -35.5 0 0 0 0
  11 -34.5 0 0 0 0
  12 -33.5 0 0 0 0
  13 -32.5 0 0 0 0
  14 -31.5 0 0 0 0
  15 -30.5 0 0 0 0
  16 -29.5 0 0 0 0
  17 -28.5 0 0 0 0
  18 -27.5 0 0 0 0
  19 -26.5 0 0 0 0
  20 -25.5 0 0 0 0
  21 -24.5 0 0 0 0
  22 -23.5 0 0 0 0
  23 -22.5 0 0 0 0
  24 -21.5 0 0 0 0
  25 -20.5 0 0 0 0
  26 -19.5 0 0 0 0
  27 -18.5 0 0 0 0
  28 -17.5 0 0 0 0
  29 -16.5 0 0 0 0
  30 -15.5 0 0 0 0
  31 -14.5 0 0 0 0
  32 -13.5 0 0 0 0
  33 -12.5 0 0 0 0
  34 -11.5 0 0 0 0
  35 -10.5 0 0 0 0
  36 -9.5 0 0 0 0
  37 -8.5 0 0 0 0
  38 -7.5 0 0 0 0
  39 -6.5 0 0 0 0
  40 -5.5 0 0 0 0
  41 -4.5 0 0 0 0
  42 -3.5 0 0 0 0
  43 -2.5 0 0 0 0
  44 -1.5 0 0 0 0
  45 -0.5 0 0 0 0
  46 0.5 0 0 0 0
  47 1.5 14.1 0.000167658 0.00333961 1479.84
  48 2.5 2356.42 0.0280193 0.147148 1475.2
  49 3.5 2802.3 0.033321 0.124487 1477.07
  50 4.5 1926.86 0.0229115 0.182492 1475.67
  51 5.5 2441.96 0.0290364 0.227506 1469.2
  52 6.5 2382.96 0.0283348 0.217062 1474.19
  53 7.5 2251.84 0.0267757 0.293223 1473.16
  54 8.5 2371.44 0.0281979 0.243968 1466.97
  55 9.5 2342.64 0.0278554 0.29317 1470.61
  56 10.5 2322.78 0.0276193 0.20355 1460.5
  57 11.5 2340.78 0.0278333 0.25246 1471.27
  58 12.5 2331.6 0.0277241 0.26435 1464.78
  59 13.5 2330.58 0.027712 0.243743 1463.62
  60 14.5 2337.9 0.027799 0.241824 1467.15
  61 15.5 2340.32 0.0278278 0.278411 1467.74
  62 16.5 2319.5 0.0275803 0.246963 1469.2
  63 17.5 2375.14 0.0282419 0.252375 1471.91
  64 18.5 2301.88 0.0273707 0.203967 1465.22
  65 19.5 2282 0.0271344 0.181162 1472.86
  66 20.5 2533.1 0.0301201 0.197772 1466.15
  67 21.5 2018.9 0.0240059 0.173337 1463.28
  68 22.5 2298.46 0.0273301 0.134832 1469.82
  69 23.5 3328.2 0.0395743 0.190049 1467.32
  70 24.5 247.34 0.00294102 0.237249 1467.28
85000 70 52599
  1 -44.5 0 0 0 0
  2 -43.5 0 0 0 0
  3 -42.5 0 0 0 0
  4 -41.5 0 0 0 0
  5 -40.5 0 0 0 0
  6 -39.5 0 0 0 0
  7 -38.5 0 0 0 0
  8 -37.5 0 0 0 0
  9 -36.5 0 0 0 0
  10 -35.5 0 0 0 0
  11 -34.5 0 0 0 0
  12 -33.5 0 0 0 0
  13 -32.5 0 0 0 0
  14 -31.5 0 0 0 0
  15 -30.5 0 0 0 0
  16 -29.5 0 0 0 0
  17 -28.5 0 0 0 0
  18 -27.5 0 0 0 0
  19 -26.5 0 0 0 0
  20 -25.5 0 0 0 0
  21 -24.5 0 0 0 0
  22 -23.5 0 0 0 0
  23 -22.5 0 0 0 0
  24 -21.5 0 0 0 0
  25 -20.5 0 0 0 0
  26 -19.5 0 0 0 0
  27 -18.5 0 0 0 0
  28 -17.5 0 0 0 0
  29 -16.5 0 0 0 0
  30 -15.5 0 0 0 0
  31 -14.5 0 0 0 0
  32 -13.5 0 0 0 0
  33 -12.5 0 0 0 0
  34 -11.5 0 0 0 0
  35 -10.5 0 0 0 0
  36 -9.5 0 0 0 0
  37 -8.5 0 0 0 0
  38 -7.5 0 0 0 0
  39 -6.5 0 0 0 0
  40 -5.5 0 0 0 0
  41 -4.5 0 0 0 0
  42 -3.5 0 0 0 0
  43 -2.5 0 0 0 0
  44 -1.5 0 0 0 0
  45 -0.5 0 0 0 0
  46 0.5 0 0 0 0
  47 1.5 9.14 0.00010868 -0.496446 1509.92
  48 2.5 2224.76 0.0264537 0.177716 1484.58
  49 3.5 2866.46 0.0340839 0.142025 1491.07
  50 4.5 1918.92 0.0228171 0.149756 1494.98
  51 5.5 2414.14 0.0287056 0.159331 1487.66
  52 6.5 2397.04 0.0285023 0.148664 1485.29
  53 7.5 2257.5 0.026843 0.148583 1488.68
  54 8.5 2354.8 0.028 0.219531 1484.63
  55 9.5 2333.72 0.0277493 0.186815 1493.27
  56 10.5 2320.02 0.0275864 0.1666 1485.21
  57 11.5 2337.76 0.0277974 0.242374 1487.01
  58 12.5 2338.98 0.0278119 0.18433 1486.5
  59 13.5 2321.8 0.0276076 0.215106 1486.01
  60 14.5 2344.2 0.027874 0.237802 1484.33
  61 15.5 2327.54 0.0276759 0.238247 1484.66
  62 16.5 2325.32 0.0276495 0.270067 1489.06
  63 17.5 2361.72 0.0280823 0.235534 1488.05
  64 18.5 2298.04 0.0273251 0.224091 1484.59
  65 19.5 2293.3 0.0272687 0.178415 1480.47
  66 20.5 2531.3 0.0300987 0.195964 1485.36
  67 21.5 2044.1 0.0243056 0.144591 1482
  68 22.5 2234.74 0.0265724 0.116273 1486.19
  69 23.5 3408.02 0.0405234 0.129691 1483.4
  70 24.5 335.68 0.00399144 0.255996 1470.51
90000 70 52599
  1 -44.5 0.04 4.75624e-07 0.971076 889.884
  2 -43.5 0 0 0 0
  3 -42.5 0 0 0 0
  4 -41.5 0 0 0 0
  5 -40.5 0 0 0 0
  6 -39.5 0 0 0 0
  7 -38.5 0 0 0 0
  8 -37.5 0 0 0 0
  9 -36.5 0 0 0 0
  10 -35.5 0 0 0 0
  11 -34.5 0 0 0 0
  12 -33.5 0 0 0 0
  13 -32.5 0 0 0 0
  14 -31.5 0 0 0 0
  15 -30.5 0 0 0 0
  16 -29.5 0 0 0 0
  17 -28.5 0 0 0 0
  18 -27.5 0 0 0 0
  19 -26.5 0 0 0 0
  20 -25.5 0 0 0 0
  21 -24.5 0 0 0 0
  22 -23.5 0 0 0 0
  23 -22.5 0 0 0 0
  24 -21.5 0 0 0 0
  25 -20.5 0 0 0 0
  26 -19.5 0 0 0 0
  27 -18.5 0 0 0 0
  28 -17.5 0 0 0 0
  29 -16.5 0 0 0 0
  30 -15.5 0 0 0 0
  31 -14.5 0 0 0 0
  32 -13.5 0 0 0 0
  33 -12.5 0 0 0 0
  34 -11.5 0 0 0 0
  35 -10.5 0 0 0 0
  36 -9.5 0 0 0 0
  37 -8.5 0 0 0 0
  38 -7.5 0 0 0 0
  39 -6.5 0 0 0 0
  40 -5.5 0 0 0 0
  41 -4.5 0 0 0 0
  42 -3.5 0 0 0 0
  43 -2.5 0 0 0 0
  44 -1.5 0 0 0 0
  45 -0.5 0 0 0 0
  46 0.5 0 0 0 0
  47 1.5 10.2 0.000121284 0.0935296 1514.7
  48 2.5 2324.92 0.0276447 0.0690343 1495.46
  49 3.5 2823.78 0.0335765 0.0578345 1497.37
  50 4.5 1912.58 0.0227417 0.168517 1494.78
  51 5.5 2428.24 0.0288732 0.17978 1495.26
  52 6.5 2395.22 0.0284806 0.180345 1494.32
  53 7.5 2256.04 0.0268257 0.16764 1492
  54 8.5 2367.5 0.028151 0.161764 1494.32
  55 9.5 2331.5 0.0277229 0.180038 1492.6
  56 10.5 2320.68 0.0275943 0.204262 1491.77
  57 11.5 2349.98 0.0279427 0.134323 1493.76
  58 12.5 2330.88 0.0277156 0.178662 1496.5
  59 13.5 2319.64 0.0275819 0.0803358 1492.48
  60 14.5 2344.36 0.0278759 0.136319 1501.03
  61 15.5 2327.9 0.0276801 0.160778 1492.52
  62 16.5 2325.2 0.027648 0.16794 1488.7
  63 17.5 2366.04 0.0281337 0.150299 1495.64
  64 18.5 2291.76 0.0272504 0.0860732 1499.17
  65 19.5 2288.06 0.0272064 0.114117 1491.19
  66 20.5 2527.96 0.030059 0.155946 1490.29
  67 21.5 2042.4 0.0242854 0.0793814 1486.59
  68 22.5 2233.4 0.0265565 0.136953 1497.85
  69 23.5 3381.66 0.04021 0.10989 1489.64
  70 24.5 299.06 0.003556 0.287915 1478.37
95000 70 52599
  1 -44.5 0 0 0 0
  2 -43.5 0 0 0 0
  3 -42.5 0 0 0 0
  4 -41.5 0 0 0 0
  5 -40.5 0 0 0 0
  6 -39.5 0 0 0 0
  7 -38.5 0 0 0 0
  8 -37.5 0 0 0 0
  9 -36.5 0 0 0 0
  10 -35.5 0 0 0 0
  11 -34.5 0 0 0 0
  12 -33.5 0 0 0 0
  13 -32.5 0 0 0 0
  14 -31.5 0 0 0 0
  15 -30.5 0 0 0 0
  16 -29.5 0 0 0 0
  17 -28.5 0 0 0 0
  18 -27.5 0 0 0 0
  19 -26.5 0 0 0 0
  20 -25.5 0 0 0 0
  21 -24.5 0 0 0 0
  22 -23.5 0 0 0 0
  23 -22.5 0 0 0 0
  24 -21.5 0 0 0 0
  25 -20.5 0 0 0 0
  26 -19.5 0 0 0 0
  27 -18.5 0 0 0 0
  28 -17.5 0 0 0 0
  29 -16.5 0 0 0 0
  30 -15.5 0 0 0 0
  31 -14.5 0 0 0 0
  32 -13.5 0 0 0 0
  33 -12.5 0 0 0 0
  34 -11.5 0 0 0 0
  35 -10.5 0 0 0 0
  36 -9.5 0 0 0 0
  37 -8.5 0 0 0 0
  38 -7.5 0 0 0 0
  39 -6.5 0 0 0 0
  40 -5.5 0 0 0 0
  41 -4.5 0 0 0 0
  42 -3.5 0 0 0 0
  43 -2.5 0 0 0 0
  44 -1.5 0 0 0 0
  45 -0.5 0 0 0 0
  46 0.5 0 0 0 0
  47 1.5 10.72 0.000127467 -0.440693 1524.06
  48 2.5 2304.1 0.0273971 0.112894 1500.92
  49 3.5 2826.9 0.0336136 0.147363 1505.28
  50 4.5 1904.44 0.0226449 0.107603 1506.59
  51 5.5 2433.12 0.0289313 0.159206 1504.34
  52 6.5 2388.36 0.028399 0.134623 1501.82
  53 7.5 2257.44 0.0268423 0.213844 1497.45
  54 8.5 2355.2 0.0280048 0.200599 1501.19
  55 9.5 2326.56 0.0276642 0.224402 1497.62
  56 10.5 2323.24 0.0276247 0.210043 1499.55
  57 11.5 2330.32 0.0277089 0.219548 1504.43
  58 12.5 2338.9 0.0278109 0.264753 1500.91
  59 13.5 2328.32 0.0276851 0.27358 1498.32
  60 14.5 2338.04 0.0278007 0.20498 1497.69
  61 15.5 2334.42 0.0277577 0.247512 1498.3
  62 16.5 2305.2 0.0274102 0.169021 1495.24
  63 17.5 2369.02 0.0281691 0.142348 1497.22
  64 18.5 2311.08 0.0274801 0.16184 1489.71
  65 19.5 2285.44 0.0271753 0.15295 1495.05
  66 20.5 2539.4 0.030195 0.135664 1493.81
  67 21.5 2047.12 0.0243415 0.137297 1492.35
  68 22.5 2216.42 0.0263546 0.15857 1496.28
  69 23.5 3401.26 0.040443 0.136192 1498.01
  70 24.5 323.98 0.00385232 0.2252 1472.62
100000 70 52599
  1 -44.5 0.02 2.37812e-07 -7.96534 509.088
  2 -43.5 0 0 0 0
  3 -42.5 0 0 0 0
  4 -41.5 0 0 0 0
  5 -40.5 0 0 0 0
  6 -39.5 0 0 0 0
  7 -38.5 0 0 0 0
  8 -37.5 0 0 0 0
  9 -36.5 0 0 0 0
  10 -35.5 0 0 0 0
  11 -34.5 0 0 0 0
  12 -33.5 0 0 0 0
  13 -32.5 0 0 0 0
  14 -31.5 0 0 0 0
  15 -30.5 0 0 0 0
  16 -29.5 0 0 0 0
  17 -28.5 0 0 0 0
  18 -27.5 0 0 0 0
  19 -26.5 0 0 0 0
  20 -25.5 0 0 0 0
  21 -24.5 0 0 0 0
  22 -23.5 0 0 0 0
  23 -22.5 0 0 0 0
  24 -21.5 0 0 0 0
  25 -20.5 0 0 0 0
  26 -19.5 0 0 0 0
  27 -18.5 0 0 0 0
  28 -17.5 0 0 0 0
  29 -16.5 0 0 0 0
  30 -15.5 0 0 0 0
  31 -14.5 0 0 0 0
  32 -13.5 0 0 0 0
  33 -12.5 0 0 0 0
  34 -11.5 0 0 0 0
  35 -10.5 0 0 0 0
  36 -9.5 0 0 0 0
  37 -8.5 0 0 0 0
  38 -7.5 0 0 0 0
  39 -6.5 0 0 0 0
  40 -5.5 0 0 0 0
  41 -4.5 0 0 0 0
  42 -3.5 0 0 0 0
  43 -2.5 0 0 0 0
  44 -1.5 0 0 0 0
  45 -0.5 0 0 0 0
  46 0.5 0 0 0 0
  47 1.5 11.18 0.000132937 0.578808 1543.16
  48 2.5 2344.66 0.0278794 0.130826 1502.55
  49 3.5 2807.24 0.0333798 0.0790117 1507.93
  50 4.5 1912.5 0.0227408 0.0817619 1506.41
  51 5.5 2428.22 0.028873 0.0967658 1503.88
  52 6.5 2390.28 0.0284219 0.150106 1499.24
  53 7.5 2255 0.0268133 0.151933 1498.65
  54 8.5 2357.2 0.0280285 0.197153 1503.82
  55 9.5 2335.6 0.0277717 0.155061 1498
  56 10.5 2320.62 0.0275936 0.185473 1496.56
  57 11.5 2336.62 0.0277838 0.186879 1495.04
  58 12.5 2326.46 0.027663 0.164604 1498.57
  59 13.5 2331.22 0.0277196 0.20161 1503.31
  60 14.5 2337.68 0.0277964 0.167227 1493.16
  61 15.5 2335.46 0.02777 0.194501 1495.62
  62 16.5 2319.34 0.0275784 0.190429 1497.3
  63 17.5 2365 0.0281213 0.17945 1492.57
  64 18.5 2302.54 0.0273786 0.139728 1493.46
  65 19.5 2280.46 0.0271161 0.13866 1497.55
  66 20.5 2533.7 0.0301272 0.135575 1494.5
  67 21.5 2050.18 0.0243779 0.172933 1500.94
  68 22.5 2238.1 0.0266124 0.169634 1491.49
  69 23.5 3381.7 0.0402105 0.167284 1496.74
  70 24.5 298.02 0.00354364 0.00257718 1492.22
105000 70 52599
  1 -44.5 0 0 0 0
  2 -43.5 0 0 0 0
  3 -42.5 0 0 0 0
  4 -41.5 0 0 0 0
  5 -40.5 0 0 0 0
  6 -39.5 0 0 0 0
  7 -38.5 0 0 0 0
  8 -37.5 0 0 0 0
  9 -36.5 0 0 0 0
  10 -35.5 0 0 0 0
  11 -34.5 0 0 0 0
  12 -33.5 0 0 0 0
  13 -32.5 0 0 0 0
  14 -31.5 0 0 0 0
  15 -30.5 0 0 0 0
  16 -29.5 0 0 0 0
  17 -28.5 0 0 0 0
  18 -27.5 0 0 0 0
  19 -26.5 0 0 0 0
  20 -25.5 0 0 0 0
  21 -24.5 0 0 0 0
  22 -23.5 0 0 0 0
  23 -22.5 0 0 0 0
  24 -21.5 0 0 0 0
  25 -20.5 0 0 0 0
  26 -19.5 0 0 0 0
  27 -18.5 0 0 0 0
  28 -17.5 0 0 0 0
  29 -16.5 0 0 0 0
  30 -15.5 0 0 0 0
  31 -14.5 0 0 0 0
  32 -13.5 0 0 0 0
  33 -12.5 0 0 0 0
  34 -11.5 0 0 0 0
  35 -10.5 0 0 0 0
  36 -9.5 0 0 0 0
  37 -8.5 0 0 0 0
  38 -7.5 0 0 0 0
  39 -6.5 0 0 0 0
  40 -5.5 0 0 0 0
  41 -4.5 0 0 0 0
  42 -3.5 0 0 0 0
  43 -2.5 0 0 0 0
  44 -1.5 0 0 0 0
  45 -0.5 0 0 0 0
  46 0.5 0 0 0 0
  47 1.5 5.96 7.0868e-05 0.239255 1385.14
  48 2.5 2216.5 0.0263555 0.172797 1492.92
  49 3.5 2878.6 0.0342283 0.148497 1492.23
  50 4.5 1922.78 0.022863 0.171289 1500.45
  51 5.5 2413.64 0.0286996 0.197843 1493.99
  52 6.5 2388.8 0.0284043 0.201631 1490.8
  53 7.5 2268.08 0.0269688 0.221207 1495.09
  54 8.5 2349.58 0.0279379 0.167286 1497.25
  55 9.5 2333.42 0.0277458 0.247508 1495.02
  56 10.5 2323.62 0.0276293 0.253377 1495.66
  57 11.5 2331.8 0.0277265 0.251648 1501.41
  58 12.5 2338.5 0.0278062 0.251328 1493.12
  59 13.5 2322.32 0.0276138 0.239873 1499.54
  60 14.5 2340.72 0.0278326 0.260899 1495.31
  61 15.5 2335.28 0.0277679 0.217569 1487.19
  62 16.5 2313.94 0.0275141 0.299418 1492.44
  63 17.5 2363.94 0.0281087 0.282335 1491.95
  64 18.5 2310.5 0.0274732 0.222588 1492.97
  65 19.5 2268.32 0.0269717 0.250981 1497.5
  66 20.5 2540.16 0.030204 0.251731 1491.92
  67 21.5 2050.32 0.0243795 0.241536 1496.24
  68 22.5 2191.66 0.0260602 0.215967 1488.91
  69 23.5 3439.42 0.0408968 0.250531 1486.13
  70 24.5 351.14 0.00417527 0.26652 1495.11
110000 70 52599
  1 -44.5 0 0 0 0
  2 -43.5 0 0 0 0
  3 -42.5 0 0 0 0
  4 -41.5 0 0 0 0
  5 -40.5 0 0 0 0
  6 -39.5 0 0 0 0
  7 -38.5 0 0 0 0
  8 -37.5 0 0 0 0
  9 -36.5 0 0 0 0
  10 -35.5 0 0 0 0
  11 -34.5 0 0 0 0
  12 -33.5 0 0 0 0
  13 -32.5 0 0 0 0
  14 -31.5 0 0 0 0
  15 -30.5 0 0 0 0
  16 -29.5 0 0 0 0
  17 -28.5 0 0 0 0
  18 -27.5 0 0 0 0
  19 -26.5 0 0 0 0
  20 -25.5 0 0 0 0
  21 -24.5 0 0 0 0
  22 -23.5 0 0 0 0
  23 -22.5 0 0 0 0
  24 -21.5 0 0 0 0
  25 -20.5 0 0 0 0
  26 -19.5 0 0 0 0
  27 -18.5 0 0 0 0
  28 -17.5 0 0 0 0
  29 -16.5 0 0 0 0
  30 -15.5 0 0 0 0
  31 -14.5 0 0 0 0
  32 -13.5 0 0 0 0
  33 -12.5 0 0 0 0
  34 -11.5 0 0 0 0
  35 -10.5 0 0 0 0
  36 -9.5 0 0 0 0
  37 -8.5 0 0 0 0
  38 -7.5 0 0 0 0
  39 -6.5 0 0 0 0
  40 -5.5 0 0 0 0
  41 -4.5 0 0 0 0
  42 -3.5 0 0 0 0
  43 -2.5 0 0 0 0
  44 -1.5 0 0 0 0
  45 -0.5 0 0 0 0
  46 0.5 0 0 0 0
  47 1.5 10.34 0.000122949 -0.247794 1539.46
  48 2.5 2384.96 0.0283586 0.137746 1490.52
  49 3.5 2799.06 0.0332825 0.182157 1498.28
  50 4.5 1909.66 0.022707 0.180487 1495.14
  51 5.5 2446.88 0.0290949 0.219786 1489.85
  52 6.5 2379.32 0.0282916 0.185215 1498.05
  53 7.5 2255.7 0.0268216 0.232087 1499.31
  54 8.5 2364.42 0.0281144 0.202342 1502.12
  55 9.5 2333.44 0.027746 0.232842 1498.5
  56 10.5 2309.26 0.0274585 0.196517 1505.25
  57 11.5 2340.38 0.0278285 0.179183 1496.61
  58 12.5 2327.52 0.0276756 0.167145 1501.63
  59 13.5 2338.24 0.0278031 0.254301 1499.45
  60 14.5 2338.5 0.0278062 0.22192 1500.52
  61 15.5 2328.4 0.0276861 0.247814 1503.36
  62 16.5 2307.88 0.0274421 0.247565 1493.89
  63 17.5 2373.58 0.0282233 0.245525 1495.32
  64 18.5 2299.02 0.0273367 0.224093 1488.66
  65 19.5 2284.92 0.0271691 0.19491 1500.54
  66 20.5 2543.3 0.0302414 0.153135 1488.83
  67 21.5 2020.98 0.0240307 0.156341 1492.73
  68 22.5 2250.98 0.0267655 0.15616 1494.64
  69 23.5 3373.02 0.0401073 0.120206 1494.31
  70 24.5 279.24 0.00332033 0.0572614 1479.32
115000 70 52599
  1 -44.5 0.08 9.51249e-07 3.24886 1659.53
  2 -43.5 0 0 0 0
  3 -42.5 0 0 0 0
  4 -41.5 0 0 0 0
  5 -40.5 0 0 0 0
  6 -39.5 0 0 0 0
  7 -38.5 0 0 0 0
  8 -37.5 0 0 0 0
  9 -36.5 0 0 0 0
  10 -35.5 0 0 0 0
  11 -34.5 0 0 0 0
  12 -33.5 0 0 0 0
  13 -32.5 0 0 0 0
  14 -31.5 0 0 0 0
  15 -30.5 0 0 0 0
  16 -29.5 0 0 0 0
  17 -28.5 0 0 0 0
  18 -27.5 0 0 0 0
  19 -26.5 0 0 0 0
  20 -25.5 0 0 0 0
  21 -24.5 0 0 0 0
  22 -23.5 0 0 0 0
  23 -22.5 0 0 0 0
  24 -21.5 0 0 0 0
  25 -20.5 0 0 0 0
  26 -19.5 0 0 0 0
  27 -18.5 0 0 0 0
  28 -17.5 0 0 0 0
  29 -16.5 0 0 0 0
  30 -15.5 0 0 0 0
  31 -14.5 0 0 0 0
  32 -13.5 0 0 0 0
  33 -12.5 0 0 0 0
  34 -11.5 0 0 0 0
  35 -10.5 0 0 0 0
  36 -9.5 0 0 0 0
  37 -8.5 0 0 0 0
  38 -7.5 0 0 0 0
  39 -6.5 0 0 0 0
  40 -5.5 0 0 0 0
  41 -4.5 0 0 0 0
  42 -3.5 0 0 0 0
  43 -2.5 0 0 0 0
  44 -1.5 0 0 0 0
  45 -0.5 0 0 0 0
  46 0.5 0 0 0 0
  47 1.5 9.3 0.000110583 -0.0675818 1511.75
  48 2.5 2315.28 0.0275301 0.145199 1499.77
  49 3.5 2832.54 0.0336806 0.177189 1501.81
  50 4.5 1910.22 0.0227137 0.162796 1507.29
  51 5.5 2429.26 0.0288854 0.169079 1504.87
  52 6.5 2380.76 0.0283087 0.215848 1499.8
  53 7.5 2257.98 0.0268488 0.261901 1498.64
  54 8.5 2360.42 0.0280668 0.249489 1499.45
  55 9.5 2329.84 0.0277032 0.233591 1503.36
  56 10.5 2325.34 0.0276497 0.238398 1506.82
  57 11.5 2321.12 0.0275995 0.252024 1500.51
  58 12.5 2341.1 0.0278371 0.260923 1502.72
  59 13.5 2328.34 0.0276854 0.271566 1495.35
  60 14.5 2337.94 0.0277995 0.287694 1495.09
  61 15.5 2327.18 0.0276716 0.27016 1496.93
  62 16.5 2326.44 0.0276628 0.266096 1497.23
  63 17.5 2365.54 0.0281277 0.248619 1487.64
  64 18.5 2295.96 0.0273004 0.288964 1500.25
  65 19.5 2298.98 0.0273363 0.21767 1496.54
  66 20.5 2527.5 0.0300535 0.233694 1494.72
  67 21.5 2039.34 0.024249 0.226111 1502.42
  68 22.5 2223.6 0.02644 0.24882 1496.51
  69 23.5 3404.06 0.0404763 0.221782 1491.04
  70 24.5 310.88 0.00369655 0.0490361 1476.52
120000 70 52599
  1 -44.5 0.02 2.37812e-07 1.23364 317.674
  2 -43.5 0 0 0 0
  3 -42.5 0 0 0 0
  4 -41.5 0 0 0 0
  5 -40.5 0 0 0 0
  6 -39.5 0 0 0 0
  7 -38.5 0 0 0 0
  8 -37.5 0 0 0 0
  9 -36.5 0 0 0 0
  10 -35.5 0 0 0 0
  11 -34.5 0 0 0 0
  12 -33.5 0 0 0 0
  13 -32.5 0 0 0 0
  14 -31.5 0 0 0 0
  15 -30.5 0 0 0 0
  16 -29.5 0 0 0 0
  17 -28.5 0 0 0 0
  18 -27.5 0 0 0 0
  19 -26.5 0 0 0 0
  20 -25.5 0 0 0 0
  21 -24.5 0 0 0 0
  22 -23.5 0 0 0 0
  23 -22.5 0 0 0 0
  24 -21.5 0 0 0 0
  25 -20.5 0 0 0 0
  26 -19.5 0 0 0 0
  27 -18.5 0 0 0 0
  28 -17.5 0 0 0 0
  29 -16.5 0 0 0 0
  30 -15.5 0 0 0 0
  31 -14.5 0 0 0 0
  32 -13.5 0 0 0 0
  33 -12.5 0 0 0 0
  34 -11.5 0 0 0 0
  35 -10.5 0 0 0 0
  36 -9.5 0 0 0 0
  37 -8.5 0 0 0 0
  38 -7.5 0 0 0 0
  39 -6.5 0 0 0 0
  40 -5.5 0 0 0 0
  41 -4.5 0 0 0 0
  42 -3.5 0 0 0 0
  43 -2.5 0 0 0 0
  44 -1.5 0 0 0 0
  45 -0.5 0 0 0 0
  46 0.5 0 0 0 0
  47 1.5 7.96 9.46492e-05 -0.41914 1504.75
  48 2.5 2283.34 0.0271503 0.156656 1497.96
  49 3.5 2837.28 0.033737 0.204077 1501.32
  50 4.5 1916.8 0.0227919 0.155967 1502.51
  51 5.5 2422.82 0.0288088 0.162715 1500.61
  52 6.5 2391.14 0.0284321 0.18752 1507.56
  53 7.5 2246.86 0.0267165 0.226772 1499
  54 8.5 2362.38 0.0280901 0.244417 1498.76
  55 9.5 2335.12 0.027766 0.250435 1498.72
  56 10.5 2311.16 0.0274811 0.261197 1499.13
  57 11.5 2338.46 0.0278057 0.275117 1497.21
  58 12.5 2337.08 0.0277893 0.214818 1497.59
  59 13.5 2325.3 0.0276492 0.276231 1492.04
  60 14.5 2348.3 0.0279227 0.236855 1500.69
  61 15.5 2323.52 0.0276281 0.242135 1492.02
  62 16.5 2321.82 0.0276078 0.271834 1496.77
  63 17.5 2373.78 0.0282257 0.266946 1489.31
  64 18.5 2302.72 0.0273807 0.202256 1489.81
  65 19.5 2272.14 0.0270171 0.217203 1485.03
  66 20.5 2547.6 0.0302925 0.236919 1491.89
  67 21.5 2038.98 0.0242447 0.226036 1493.22
  68 22.5 2210.84 0.0262882 0.212351 1493.9
  69 23.5 3419.42 0.040659 0.211903 1492.59
  70 24.5 324.16 0.00385446 0.225175 1493.57
125000 70 52599
  1 -44.5 0 0 0 0
  2 -43.5 0 0 0 0
  3 -42.5 0 0 0 0
  4 -41.5 0 0 0 0
  5 -40.5 0 0 0 0
  6 -39.5 0 0 0 0
  7 -38.5 0 0 0 0
  8 -37.5 0 0 0 0
  9 -36.5 0 0 0 0
  10 -35.5 0 0 0 0
  11 -34.5 0 0 0 0
  12 -33.5 0 0 0 0
  13 -32.5 0 0 0 0
  14 -31.5 0 0 0 0
  15 -30.5 0 0 0 0
  16 -29.5 0 0 0 0
  17 -28.5 0 0 0 0
  18 -27.5 0 0 0 0
  19 -26.5 0 0 0 0
  20 -25.5 0 0 0 0
  21 -24.5 0 0 0 0
  22 -23.5 0 0 0 0
  23 -22.5 0 0 0 0
  24 -21.5 0 0 0 0
  25 -20.5 0 0 0 0
  26 -19.5 0 0 0 0
  27 -18.5 0 0 0 0
  28 -17.5 0 0 0 0
  29 -16.5 0 0 0 0
  30 -15.5 0 0 0 0
  31 -14.5 0 0 0 0
  32 -13.5 0 0 0 0
  33 -12.5 0 0 0 0
  34 -11.5 0 0 0 0
  35 -10.5 0 0 0 0
  36 -9.5 0 0 0 0
  37 -8.5 0 0 0 0
  38 -7.5 0 0 0 0
  39 -6.5 0 0 0 0
  40 -5.5 0 0 0 0
  41 -4.5 0 0 0 0
  42 -3.5 0 0 0 0
  43 -2.5 0 0 0 0
  44 -1.5 0 0 0 0
  45 -0.5 0 0 0 0
  46 0.5 0 0 0 0
  47 1.5 8.3 9.8692e-05 0.141608 1392.72
  48 2.5 2317.68 0.0275586 0.21576 1491.47
  49 3.5 2832.28 0.0336775 0.215352 1500.16
  50 4.5 1906 0.0226635 0.270786 1502.47
  51 5.5 2433.34 0.0289339 0.266425 1492.77
  52 6.5 2393.5 0.0284602 0.23385 1497.72
  53 7.5 2248.24 0.0267329 0.28429 1504.78
  54 8.5 2358.32 0.0280419 0.221488 1494.22
  55 9.5 2336.14 0.0277781 0.215633 1492.75
  56 10.5 2327.28 0.0276728 0.257033 1494.16
  57 11.5 2342.1 0.027849 0.245525 1496.56
  58 12.5 2322.7 0.0276183 0.273392 1492.28
  59 13.5 2334.5 0.0277586 0.26043 1492.46
  60 14.5 2336.08 0.0277774 0.280419 1493.92
  61 15.5 2332.2 0.0277313 0.221459 1492.26
  62 16.5 2321.76 0.0276071 0.242835 1490.35
  63 17.5 2365.28 0.0281246 0.233571 1488.9
  64 18.5 2305.78 0.0274171 0.223132 1491.2
  65 19.5 2270.58 0.0269986 0.217822 1497.26
  66 20.5 2540.42 0.0302071 0.160756 1492.5
  67 21.5 2043.84 0.0243025 0.264925 1499.82
  68 22.5 2220.24 0.0264 0.183536 1496.87
  69 23.5 3397.14 0.0403941 0.183056 1490.94
  70 24.5 305.3 0.0036302 0.180145 1483.88
130000 70 52599
  1 -44.5 0.02 2.37812e-07 8.55991 1198.91
  2 -43.5 0 0 0 0
  3 -42.5 0 0 0 0
  4 -41.5 0 0 0 0
  5 -40.5 0 0 0 0
  6 -39.5 0 0 0 0
  7 -38.5 0 0 0 0
  8 -37.5 0 0 0 0
  9 -36.5 0 0 0 0
  10 -35.5 0 0 0 0
  11 -34.5 0 0 0 0
  12 -33.5 0 0 0 0
  13 -32.5 0 0 0 0
  14 -31.5 0 0 0 0
  15 -30.5 0 0 0 0
  16 -29.5 0 0 0 0
  17 -28.5 0 0 0 0
  18 -27.5 0 0 0 0
  19 -26.5 0 0 0 0
  20 -25.5 0 0 0 0
  21 -24.5 0 0 0 0
  22 -23.5 0 0 0 0
  23 -22.5 0 0 0 0
  24 -21.5 0 0 0 0
  25 -20.5 0 0 0 0
  26 -19.5 0 0 0 0
  27 -18.5 0 0 0 0
  28 -17.5 0 0 0 0
  29 -16.5 0 0 0 0
  30 -15.5 0 0 0 0
  31 -14.5 0 0 0 0
  32 -13.5 0 0 0 0
  33 -12.5 0 0 0 0
  34 -11.5 0 0 0 0
  35 -10.5 0 0 0 0
  36 -9.5 0 0 0 0
  37 -8.5 0 0 0 0
  38 -7.5 0 0 0 0
  39 -6.5 0 0 0 0
  40 -5.5 0 0 0 0
  41 -4.5 0 0 0 0
  42 -3.5 0 0 0 0
  43 -2.5 0 0 0 0
  44 -1.5 0 0 0 0
  45 -0.5 0 0 0 0
  46 0.5 0 0 0 0
  47 1.5 7.36 8.75149e-05 0.345664 1464.13
  48 2.5 2279.6 0.0271058 0.112811 1498.25
  49 3.5 2854.46 0.0339413 0.123809 1495.67
  50 4.5 1902.98 0.0226276 0.17963 1497.77
  51 5.5 2421.6 0.0287943 0.200281 1497.88
  52 6.5 2396.48 0.0284956 0.20382 1502.34
  53 7.5 2259.54 0.0268673 0.163657 1499.61
  54 8.5 2357.6 0.0280333 0.149169 1495.9
  55 9.5 2329.4 0.027698 0.171527 1496.15
  56 10.5 2325.66 0.0276535 0.184238 1500.55
  57 11.5 2337.14 0.02779 0.164382 1492.1
  58 12.5 2328.34 0.0276854 0.160403 1493.81
  59 13.5 2335.46 0.02777 0.154713 1496.46
  60 14.5 2330.38 0.0277096 0.183852 1495.19
  61 15.5 2330.64 0.0277127 0.183739 1497.64
  62 16.5 2329.54 0.0276996 0.194214 1496.74
  63 17.5 2361.56 0.0280804 0.186144 1495.63
  64 18.5 2301.18 0.0273624 0.122638 1501.12
  65 19.5 2284.42 0.0271631 0.20048 1497.17
  66 20.5 2528.74 0.0300683 0.101536 1496.72
  67 21.5 2051.76 0.0243967 0.0945103 1499.85
  68 22.5 2205.22 0.0262214 0.0397539 1495.43
  69 23.5 3413.1 0.0405838 0.0867227 1493.23
  70 24.5 326.82 0.00388609 0.10293 1493.05
135000 70 52599
  1 -44.5 0.02 2.37812e-07 -0.410961 2596.87
  2 -43.5 0 0 0 0
  3 -42.5 0 0 0 0
  4 -41.5 0 0 0 0
  5 -40.5 0 0 0 0
  6 -39.5 0 0 0 0
  7 -38.5 0 0 0 0
  8 -37.5 0 0 0 0
  9 -36.5 0 0 0 0
  10 -35.5 0 0 0 0
  11 -34.5 0 0 0 0
  12 -33.5 0 0 0 0
  13 -32.5 0 0 0 0
  14 -31.5 0 0 0 0
  15 -30.5 0 0 0 0
  16 -29.5 0 0 0 0
  17 -28.5 0 0 0 0
  18 -27.5 0 0 0 0
  19 -26.5 0 0 0 0
  20 -25.5 0 0 0 0
  21 -24.5 0 0 0 0
  22 -23.5 0 0 0 0
  23 -22.5 0 0 0 0
  24 -21.5 0 0 0 0
  25 -20.5 0 0 0 0
  26 -19.5 0 0 0 0
  27 -18.5 0 0 0 0
  28 -17.5 0 0 0 0
  29 -16.5 0 0 0 0
  30 -15.5 0 0 0 0
  31 -14.5 0 0 0 0
  32 -13.5 0 0 0 0
  33 -12.5 0 0 0 0
  34 -11.5 0 0 0 0
  35 -10.5 0 0 0 0
  36 -9.5 0 0 0 0
  37 -8.5 0 0 0 0
  38 -7.5 0 0 0 0
  39 -6.5 0 0 0 0
  40 -5.5 0 0 0 0
  41 -4.5 0 0 0 0
  42 -3.5 0 0 0 0
  43 -2.5 0 0 0 0
  44 -1.5 0 0 0 0
  45 -0.5 0 0 0 0
  46 0.5 0 0 0 0
  47 1.5 9.24 0.000109869 0.386138 1562.07
  48 2.5 2349.88 0.0279415 0.115749 1497.26
  49 3.5 2824.14 0.0335807 0.144874 1499.39
  50 4.5 1912.12 0.0227363 0.150657 1505.53
  51 5.5 2437.9 0.0289881 0.183629 1496.24
  52 6.5 2376.06 0.0282528 0.157279 1496.92
  53 7.5 2264.7 0.0269287 0.163964 1495.45
  54 8.5 2360.54 0.0280683 0.195674 1497.49
  55 9.5 2337.9 0.027799 0.177861 1499.58
  56 10.5 2317 0.0275505 0.186652 1504.27
  57 11.5 2333.14 0.0277424 0.170356 1497.44
  58 12.5 2341.08 0.0278369 0.126713 1501.88
  59 13.5 2325.32 0.0276495 0.16028 1501.96
  60 14.5 2324.32 0.0276376 0.134511 1495.96
  61 15.5 2336.58 0.0277834 0.110323 1498.94
  62 16.5 2320.84 0.0275962 0.156959 1497.83
  63 17.5 2365.66 0.0281291 0.109239 1500.85
  64 18.5 2294.78 0.0272863 0.184296 1505.55
  65 19.5 2290 0.0272295 0.16764 1499.67
  66 20.5 2526.08 0.0300366 0.177249 1501.97
  67 21.5 2037.32 0.024225 0.149804 1499.9
  68 22.5 2226.48 0.0264742 0.126737 1497.05
  69 23.5 3392.98 0.0403446 0.118122 1500.74
  70 24.5 294.92 0.00350678 0.024643 1499.83
140000 70 52599
  1 -44.5 0.04 4.75624e-07 13.3597 3035.91
  2 -43.5 0 0 0 0
  3 -42.5 0 0 0 0
  4 -41.5 0 0 0 0
  5 -40.5 0 0 0 0
  6 -39.5 0 0 0 0
  7 -38.5 0 0 0 0
  8 -37.5 0 0 0 0
  9 -36.5 0 0 0 0
  10 -35.5 0 0 0 0
  11 -34.5 0 0 0 0
  12 -33.5 0 0 0 0
  13 -32.5 0 0 0 0
  14 -31.5 0 0 0 0
  15 -30.5 0 0 0 0
  16 -29.5 0 0 0 0
  17 -28.5 0 0 0 0
  18 -27.5 0 0 0 0
  19 -26.5 0 0 0 0
  20 -25.5 0 0 0 0
  21 -24.5 0 0 0 0
  22 -23.5 0 0 0 0
  23 -22.5 0 0 0 0
  24 -21.5 0 0 0 0
  25 -20.5 0 0 0 0
  26 -19.5 0 0 0 0
  27 -18.5 0 0 0 0
  28 -17.5 0 0 0 0
  29 -16.5 0 0 0 0
  30 -15.5 0 0 0 0
  31 -14.5 0 0 0 0
  32 -13.5 0 0 0 0
  33 -12.5 0 0 0 0
  34 -11.5 0 0 0 0
  35 -10.5 0 0 0 0
  36 -9.5 0 0 0 0
  37 -8.5 0 0 0 0
  38 -7.5 0 0 0 0
  39 -6.5 0 0 0 0
  40 -5.5 0 0 0 0
  41 -4.5 0 0 0 0
  42 -3.5 0 0 0 0
  43 -2.5 0 0 0 0
  44 -1.5 0 0 0 0
  45 -0.5 0 0 0 0
  46 0.5 0 0 0 0
  47 1.5 9.2 0.000109394 -0.0980506 1580.42
  48 2.5 2296.22 0.0273034 0.090942 1498.33
  49 3.5 2841.28 0.0337845 0.131558 1497.74
  50 4.5 1908.82 0.022697 0.15539 1502.86
  51 5.5 2425.34 0.0288388 0.0798746 1496.8
  52 6.5 2397.76 0.0285108 0.145685 1506.81
  53 7.5 2254.92 0.0268124 0.0895942 1501.97
  54 8.5 2360.38 0.0280663 0.133568 1500.9
  55 9.5 2340.2 0.0278264 0.125147 1503.07
  56 10.5 2304.42 0.027401 0.131405 1501.92
  57 11.5 2348.78 0.0279284 0.140736 1498.91
  58 12.5 2319.62 0.0275817 0.176621 1494.81
  59 13.5 2326.38 0.0276621 0.188606 1505.5
  60 14.5 2333.12 0.0277422 0.21832 1501.51
  61 15.5 2337.56 0.027795 0.199933 1504.15
  62 16.5 2307.82 0.0274414 0.199334 1496.03
  63 17.5 2364.6 0.0281165 0.24512 1499.94
  64 18.5 2313.42 0.027508 0.175374 1505.55
  65 19.5 2277.46 0.0270804 0.187163 1492.87
  66 20.5 2532.9 0.0301177 0.183631 1499.08
  67 21.5 2052.6 0.0244067 0.198718 1500.24
  68 22.5 2212.9 0.0263127 0.149625 1499.15
  69 23.5 3414.12 0.040596 0.146237 1491.43
  70 24.5 319.14 0.00379477 0.219109 1503.66
