# Chunk-averaged data for fix 55 and group vx
# Timestep Number-of-chunks Total-count
# Chunk Coord1 Ncount density/number vx temp
5000 30 144000
  1 -5 290 0.00554067 0 0
  2 5 4830 0.0922808 0 0
  3 15 5120.34 0.097828 0.000322347 435.086
  4 25 5119.66 0.097815 -0.0033378 448.562
  5 35 5119.46 0.0978112 0.00205686 314.077
  6 45 5006.98 0.0956621 0.00142754 247.177
  7 55 4907.92 0.0937695 0.00514881 218.139
  8 65 5092.3 0.0972923 0.00120814 203.951
  9 75 5100.7 0.0974527 0.00192324 192.629
  10 85 5096.54 0.0973733 -0.00262832 186.586
  11 95 5090.34 0.0972548 -0.000504914 184.208
  12 105 5082.64 0.0971077 -0.00132679 184.254
  13 115 5033.08 0.0961608 0.000640008 184.547
  14 125 5047.8 0.096442 -0.00362322 185.153
  15 135 5104.14 0.0975185 -0.00214947 190.682
  16 145 5118.14 0.0977859 0.000775018 199.573
  17 155 5119.96 0.0978207 0.00192998 213.7
  18 165 5120 0.0978215 0.00242493 242.956
  19 175 5107.06 0.0975743 -0.00259283 303.442
  20 185 5025.58 0.0960175 -0.00260788 436.667
  21 195 5021.74 0.0959441 0.00580162 740.932
  22 205 4983.76 0.0952185 0.00419173 1411.61
  23 215 4944.58 0.0944699 0.00830224 1651.29
  24 225 5042.52 0.0963412 -0.000303059 1130.85
  25 235 5069.74 0.0968612 0.00384892 617.188
  26 245 5085.26 0.0971577 -0.000311521 394.798
  27 255 5091.66 0.09728 -0.00519574 302.786
  28 265 5089.82 0.0972449 -0.00324276 264.016
  29 275 5090.02 0.0972487 -0.00597849 262.864
  30 285 2048.26 0.0391336 0.00828212 373.693
10000 30 144000
  1 -5 290 0.00554067 0 0
  2 5 4830 0.0922808 0 0
  3 15 5122.56 0.0978704 0.00385045 417.828
  4 25 5117.44 0.0977726 0.000289554 451.186
  5 35 5118.66 0.0977959 0.00173082 396.911
  6 45 5030.04 0.0961027 -0.00254193 356.639
  7 55 5049.2 0.0964688 -0.00650723 330.315
  8 65 5082.88 0.0971123 -0.00784115 311.623
  9 75 5035.66 0.0962101 -0.00211765 300.142
  10 85 4992.88 0.0953928 0.00190336 292.342
  11 95 4976.22 0.0950745 0.00156948 290.05
  12 105 5048.04 0.0964466 0.00348974 292.639
  13 115 5107.26 0.0975781 0.00468383 305.031
  14 125 5119.18 0.0978058 0.00752019 321.091
  15 135 5119.98 0.0978211 0.00722747 351.561
  16 145 5120 0.0978215 -0.000451207 400.832
  17 155 5120 0.0978215 -0.00237149 486.39
  18 165 5120 0.0978215 -0.00314593 633.724
  19 175 5115.46 0.0977347 0.00286904 889.854
  20 185 5071.48 0.0968945 -0.00454085 1309.08
  21 195 4998.62 0.0955024 0.00618724 1955.34
  22 205 4795.32 0.0916182 -0.0132225 2914.74
  23 215 4649.6 0.0888341 0.00877667 3261.73
  24 225 4847.04 0.0926064 0.00352211 2609.24
  25 235 5082.48 0.0971046 0.00133673 1759.77
  26 245 5120 0.0978215 -0.00399367 1225.81
  27 255 5119.78 0.0978173 0.00370835 901.021
  28 265 5110.48 0.0976396 0.00388964 716.885
  29 275 5091.8 0.0972827 0.010621 633.708
  30 285 2597.94 0.0496356 0.0129285 608.804
15000 30 144000
  1 -5 290 0.00554067 0 0
  2 5 4830 0.0922808 0 0
  3 15 5120.3 0.0978272 -0.00307295 409.267
  4 25 5119.72 0.0978161 0.00494897 455.872
  5 35 5114.36 0.0977137 0.00259116 429.807
  6 45 4880.48 0.0932453 0.00468287 412.767
  7 55 4870.26 0.09305 0.00524094 400.718
  8 65 5018.86 0.0958891 0.00282719 391.361
  9 75 5083.96 0.0971329 0.00425581 391.699
  10 85 5112.34 0.0976751 0.00480044 390.226
  11 95 5119.72 0.0978161 0.00371777 401.742
  12 105 5120 0.0978215 -0.00426473 421.405
  13 115 5120 0.0978215 -0.0054205 456.797
  14 125 5120 0.0978215 -0.00780287 506.017
  15 135 5120 0.0978215 -0.00547462 581.524
  16 145 5119.82 0.097818 0.00316172 700.89
  17 155 5076.02 0.0969812 -0.00893422 875.535
  18 165 4915.18 0.0939082 0.00162067 1133.65
  19 175 4911.08 0.0938299 -0.00105545 1508.65
  20 185 4792.28 0.0915601 0.00276732 2027.89
  21 195 4813.28 0.0919614 -0.00565167 2711.01
  22 205 4975.94 0.0950691 0.00862166 3690.94
  23 215 4860.46 0.0928628 0.00963295 4207.34
  24 225 4712.16 0.0900294 0.00696069 3641.45
  25 235 4794.74 0.0916071 -0.000420006 2791.57
  26 245 5015.42 0.0958234 0.00864317 2170.95
  27 255 5039.6 0.0962854 0.00600348 1718.52
  28 265 5064 0.0967516 0.00350411 1427.81
  29 275 5040.12 0.0962953 -0.00119943 1233.43
  30 285 3829.9 0.0731731 0.00660138 1163.1
20000 30 144000
  1 -5 290 0.00554067 0 0
  2 5 4830 0.0922808 0 0
  3 15 5122.1 0.0978616 -0.0083212 408.295
  4 25 5117.9 0.0977814 -0.00570909 465.919
  5 35 5118.62 0.0977951 -0.00824626 466.073
  6 45 5041.46 0.0963209 -0.00182936 463.536
  7 55 4969.94 0.0949545 -0.0084467 468.37
  8 65 4946.86 0.0945135 -0.00490231 472.924
  9 75 4940.96 0.0944008 -0.00131203 483.864
  10 85 5065.1 0.0967726 -0.00940165 502.44
  11 95 5117.06 0.0977653 -0.000709662 530.683
  12 105 5120 0.0978215 0.00622934 573.884
  13 115 5120 0.0978215 0.00211208 636.586
  14 125 5120 0.0978215 -0.0102723 725.874
  15 135 5120 0.0978215 0.00564806 853.598
  16 145 5118.66 0.0977959 0.0117129 1033.43
  17 155 5033.9 0.0961765 0.0123327 1281.16
  18 165 5015.36 0.0958223 0.0232031 1594.85
  19 175 4883.54 0.0933037 0.00421238 1995.59
  20 185 4755.32 0.090854 -0.00632693 2445.99
  21 195 4793.9 0.0915911 0.0119049 2933.16
  22 205 4985.28 0.0952476 -0.00997926 3346.05
  23 215 4868.64 0.0930191 -0.00284764 3612.35
  24 225 4646.06 0.0887665 -0.00546928 3450.45
  25 235 4721.5 0.0902078 -0.0026892 3092.51
  26 245 4942.96 0.094439 0.00817856 2689.35
  27 255 5114.82 0.0977225 0.00378105 2323.91
  28 265 5102.58 0.0974887 -0.0081306 2043.32
  29 275 4979.78 0.0951425 0.000440104 1859.41
  30 285 3997.7 0.0763791 -0.00154475 1790.81
25000 30 144000
  1 -5 290 0.00554067 0 0
  2 5 4830 0.0922808 0 0
  3 15 5121.24 0.0978452 0.00751784 412.831
  4 25 5118.76 0.0977978 0.0074217 479.945
  5 35 5118.3 0.097789 0.00684588 498.125
  6 45 5015.32 0.0958215 0.00681716 515.614
  7 55 4869.58 0.093037 0.00587104 528.481
  8 65 4919.84 0.0939973 -0.00879329 547.675
  9 75 5041.5 0.0963217 -0.000446997 574.387
  10 85 5115.46 0.0977347 -0.000779919 607.642
  11 95 5120 0.0978215 0.00369439 655.847
  12 105 5120 0.0978215 -0.0039573 722.108
  13 115 5120 0.0978215 2.73685e-05 806.566
  14 125 5120 0.0978215 0.00232237 922.867
  15 135 5120 0.0978215 -0.00126057 1078.76
  16 145 5115.12 0.0977282 0.0152979 1270.47
  17 155 4907.56 0.0937627 -0.0220623 1500.53
  18 165 4898.64 0.0935922 -0.0145352 1765.02
  19 175 4729.8 0.0903664 -0.00386227 2031.39
  20 185 4840.16 0.0924749 -0.00808951 2305.15
  21 195 4977.04 0.0950901 -0.00386134 2539.93
  22 205 5091.1 0.0972693 0.00505413 2737.89
  23 215 4822.56 0.0921387 -0.0155338 2849.52
  24 225 4716.76 0.0901173 -0.00681591 2870.83
  25 235 4782.86 0.0913802 0.00532836 2797.04
  26 245 4911.38 0.0938356 -0.00855387 2652.26
  27 255 5086.78 0.0971868 -0.000336 2513.68
  28 265 5048.92 0.0964634 0.00857833 2388.41
  29 275 4956.04 0.0946889 -0.00730073 2271.72
  30 285 4075.28 0.0778613 0.00137999 2212.13
30000 30 144000
  1 -5 290 0.00554067 0 0
  2 5 4830 0.0922808 0 0
  3 15 5120.86 0.0978379 -0.0041914 409.481
  4 25 5119.14 0.0978051 -0.00246056 481.248
  5 35 5117 0.0977642 0.00256071 518.286
  6 45 4913.92 0.0938842 0.00296343 548.44
  7 55 4833.54 0.0923484 0.00722809 580.411
  8 65 5014.88 0.0958131 0.0143152 609.524
  9 75 5081.72 0.0970901 0.00853511 651.301
  10 85 5118.94 0.0978012 0.0105299 699.533
  11 95 5120 0.0978215 -0.00934109 763.206
  12 105 5120 0.0978215 -0.00879392 845.33
  13 115 5120 0.0978215 -0.0117138 944.853
  14 125 5120 0.0978215 0.00985407 1065.78
  15 135 5118 0.0977833 -0.0101158 1210.94
  16 145 4853.68 0.0927332 0.00731033 1378.93
  17 155 4921.34 0.0940259 -0.00737323 1563.57
  18 165 4812.38 0.0919442 0.00354332 1760.94
  19 175 4801.2 0.0917306 0.00326946 1950.9
  20 185 4972.22 0.094998 0.00184009 2130.31
  21 195 5086.7 0.0971853 -0.000143505 2288.92
  22 205 5105.8 0.0975502 -0.00851718 2425.14
  23 215 4711.38 0.0900145 0.019039 2542.31
  24 225 4711.84 0.0900233 -0.000725557 2600.11
  25 235 4773.68 0.0912048 -0.000594994 2582.03
  26 245 5014.7 0.0958096 -0.000948911 2574.78
  27 255 5117.08 0.0977657 -0.00225882 2534.03
  28 265 5088.24 0.0972147 -0.004426 2488.92
  29 275 4833.28 0.0923435 -0.0151111 2434.29
  30 285 4158.44 0.0794501 -0.0014505 2423.7
35000 30 144000
  1 -5 290 0.00554067 0 0
  2 5 4830 0.0922808 0 0
  3 15 5121.74 0.0978547 -0.00473734 404.989
  4 25 5118.26 0.0977882 -0.00231212 483.288
  5 35 5119.68 0.0978154 -0.00992613 534.226
  6 45 5077.28 0.0970053 -0.0122145 576.649
  7 55 4888.22 0.0933931 -0.0116446 622.485
  8 65 4816.86 0.0920298 -0.0181131 669.379
  9 75 5058.74 0.0966511 -0.00866401 716.719
  10 85 5119.22 0.0978066 -0.00390901 785.315
  11 95 5120 0.0978215 -0.000482748 856.612
  12 105 5120 0.0978215 0.00170605 944.44
  13 115 5120 0.0978215 0.00326403 1046.16
  14 125 5120 0.0978215 0.0143032 1162.06
  15 135 5117.66 0.0977768 0.0102448 1297.78
  16 145 5048.58 0.0964569 0.015252 1433.44
  17 155 4914.1 0.0938876 -0.00527392 1595.13
  18 165 4749.64 0.0907455 0.0133539 1738.88
  19 175 4893.44 0.0934929 0.0042667 1881.49
  20 185 4793.36 0.0915808 0.0167375 2021.97
  21 195 5053.08 0.0965429 -0.00600688 2148.03
  22 205 5106.76 0.0975685 0.00466747 2277.54
  23 215 4987.96 0.0952988 -0.00698564 2379.48
  24 225 4750.82 0.090768 -0.0271665 2456.38
  25 235 4738.28 0.0905284 0.0111814 2501.6
  26 245 4793.7 0.0915873 -0.0159414 2505.88
  27 255 5052.66 0.0965349 0.00951796 2507.37
  28 265 5119.96 0.0978207 -0.00895002 2503.76
  29 275 5095.78 0.0973587 -0.00121202 2488.82
  30 285 3864.16 0.0738277 -0.0128637 2480.93
40000 30 143999
  1 -5 290 0.00554067 0 0
  2 5 4830 0.0922808 0 0
  3 15 5121 0.0978406 0.00684568 401.872
  4 25 5119 0.0978024 -0.00173266 483.55
  5 35 5116.9 0.0977623 0.00505329 548.146
  6 45 4915.94 0.0939228 0.00775389 604.538
  7 55 4846.74 0.0926006 0.00768762 650.089
  8 65 4978.04 0.0951092 0.00373478 701.75
  9 75 5102.48 0.0974867 0.00195717 767.417
  10 85 5119.9 0.0978196 0.00643997 841.04
  11 95 5120 0.0978215 -0.00653397 920.449
  12 105 5120 0.0978215 -0.0123251 1008.41
  13 115 5120 0.0978215 -0.01671 1101.28
  14 125 5120 0.0978215 -0.00828445 1209.99
  15 135 5054.56 0.0965712 -0.0206134 1326.53
  16 145 4802.08 0.0917474 -0.000458673 1454.77
  17 155 4949.44 0.0945628 -0.000584291 1572.66
  18 165 4718.2 0.0901448 0.00229405 1700.43
  19 175 4942.22 0.0944249 -0.00576208 1832.26
  20 185 4989.88 0.0953354 0.0100864 1952.13
  21 195 5104.76 0.0975303 -0.0035719 2057.19
  22 205 5104.54 0.0975261 0.00910169 2168.51
  23 215 4738.68 0.0905361 0.0147694 2266.09
  24 225 4755.12 0.0908502 0.00535822 2346.68
  25 235 4795.96 0.0916305 0.0177521 2400.1
  26 245 4960.24 0.0947691 -0.00168202 2439.84
  27 255 5084.36 0.0971406 -0.00583342 2467.19
  28 265 5104.96 0.0975341 0.00417396 2482.37
  29 275 4866.34 0.0929751 0.00775924 2487.57
  30 285 4108.12 0.0784887 -0.00943009 2496.63
45000 30 143999
  1 -5 290 0.00554067 0 0
  2 5 4830 0.0922808 0 0
  3 15 5121.16 0.0978436 0.00272614 399.294
  4 25 5118.84 0.0977993 0.00279331 485.024
  5 35 5116.82 0.0977607 0.00378976 558.686
  6 45 4921.96 0.0940378 0.0034349 622.247
  7 55 4845.9 0.0925846 -0.00394266 677.983
  8 65 4971.26 0.0949797 -0.0050949 734.105
  9 75 5104.2 0.0975196 0.00546456 803.602
  10 85 5119.86 0.0978188 0.0105084 875.534
  11 95 5120 0.0978215 0.0167071 952.658
  12 105 5120 0.0978215 0.00785817 1045.08
  13 115 5120 0.0978215 0.00253969 1145.48
  14 125 5119.84 0.0978184 0.0132503 1238.32
  15 135 4965.82 0.0948758 -0.00863243 1355.67
  16 145 4900.28 0.0936236 -0.0159107 1475.39
  17 155 4905.42 0.0937218 0.00942042 1577.28
  18 165 4739.62 0.090554 -0.020355 1696.35
  19 175 4966.76 0.0948937 0.0165582 1789.41
  20 185 4982.6 0.0951964 -0.0215356 1890.61
  21 195 5102.08 0.0974791 -0.023824 1988.24
  22 205 5100.62 0.0974512 -0.0113125 2092.63
  23 215 4759.22 0.0909285 0.001246 2189.58
  24 225 4772.98 0.0911914 -0.00452951 2280.21
  25 235 4788.48 0.0914875 -0.00235202 2330.32
  26 245 4941.38 0.0944088 0.00745823 2386.2
  27 255 5074.92 0.0969602 -0.00499153 2418.9
  28 265 5114.08 0.0977084 0.0224767 2431.36
  29 275 4905.68 0.0937267 -0.00160993 2464.31
  30 285 4059.7 0.0775636 0.0211687 2470.47
50000 30 144000
  1 -5 290 0.00554067 0 0
  2 5 4830 0.0922808 0 0
  3 15 5121.68 0.0978536 0.000920765 400.14
  4 25 5118.32 0.0977894 -0.000206856 482.431
  5 35 5119.2 0.0978062 -0.00297703 563.013
  6 45 5050.02 0.0964845 -0.0064477 635.806
  7 55 4846.26 0.0925915 -0.00879177 697.854
  8 65 4849.54 0.0926541 0.000862979 754.178
  9 75 5095 0.0973438 -0.000174126 825.003
  10 85 5119.98 0.0978211 0.00312288 898.325
  11 95 5120 0.0978215 -0.00449061 986.966
  12 105 5120 0.0978215 -0.00778158 1072.69
  13 115 5120 0.0978215 -0.00840231 1166.85
  14 125 5120 0.0978215 0.0167003 1261.33
  15 135 5098.2 0.097405 -0.00876833 1365.23
  16 145 4975.18 0.0950546 0.00684836 1476.9
  17 155 4782.58 0.0913748 0.0059323 1577.59
  18 165 4876.34 0.0931662 -0.00193701 1680.87
  19 175 4839.06 0.0924539 0.00533523 1784.36
  20 185 4891.28 0.0934516 0.00257989 1869.36
  21 195 5098.98 0.0974199 0.0217275 1967.26
  22 205 5111.2 0.0976534 -0.0073714 2057.65
  23 215 4972.6 0.0950053 0.0161937 2165.08
  24 225 4771.34 0.0911601 0.00236427 2228.21
  25 235 4762.18 0.0909851 -0.00377539 2289.6
  26 245 4795.58 0.0916232 0.00419885 2332.36
  27 255 5025.66 0.096019 0.00135674 2363.57
  28 265 5119.82 0.097818 -0.00778176 2394.13
  29 275 5101.74 0.0974726 -0.000554051 2398.9
  30 285 3858.24 0.0737146 -0.00664284 2405.94
